YY MM DD hh WD   WSPD GST  WVHT  DPD   APD  MWD  BAR    ATMP  WTMP  DEWP  VIS
87 01 01 00 999 99.0 99.0 03.30 09.10 06.00 999 1009.0  10.1 999.0 999.0 99.0
87 01 01 01 999 99.0 99.0 03.30 08.30 06.00 999 1009.0  10.3 999.0 999.0 99.0
87 01 01 02 999 99.0 99.0 03.20 08.30 05.60 999 1008.3  10.4 999.0 999.0 99.0
87 01 01 03 999 99.0 99.0 99.00 99.00 99.00 999 1007.7  10.5 999.0 999.0 99.0
87 01 01 04 999 99.0 99.0 03.20 07.70 05.80 999 1006.6  10.4 999.0 999.0 99.0
87 01 01 05 999 99.0 99.0 03.80 11.10 06.30 999 1005.5  09.9 999.0 999.0 99.0
87 01 01 06 999 99.0 99.0 04.30 08.30 06.40 999 1003.7  10.1 999.0 999.0 99.0
87 01 01 07 999 99.0 99.0 04.40 09.10 06.70 999 1002.8  09.8 999.0 999.0 99.0
87 01 01 08 999 99.0 99.0 04.40 10.00 06.50 999 1001.8  09.4 999.0 999.0 99.0
87 01 01 09 999 99.0 99.0 05.50 10.00 07.20 999 1001.2  09.7 999.0 999.0 99.0
87 01 01 10 999 99.0 99.0 05.90 10.00 07.70 999 1001.2  10.9 999.0 999.0 99.0
87 01 01 11 999 99.0 99.0 05.30 11.10 07.60 999 1002.4  11.0 999.0 999.0 99.0
87 01 01 12 999 99.0 99.0 05.10 11.10 07.60 999 1002.3  11.0 999.0 999.0 99.0
87 01 01 13 999 99.0 99.0 04.60 12.50 07.20 999 1002.4  10.5 999.0 999.0 99.0
87 01 01 14 999 99.0 99.0 04.80 11.10 07.70 999 1003.2  10.5 999.0 999.0 99.0
87 01 01 15 999 99.0 99.0 04.10 12.50 07.30 999 1003.8  10.6 999.0 999.0 99.0
87 01 01 16 999 99.0 99.0 04.10 11.10 07.60 999 1004.2  10.5 999.0 999.0 99.0
87 01 01 17 999 99.0 99.0 03.70 14.30 08.00 999 1004.6  10.9 999.0 999.0 99.0
87 01 01 18 999 99.0 99.0 03.70 11.10 07.70 999 1005.0  09.4 999.0 999.0 99.0
87 01 01 19 999 99.0 99.0 03.70 12.50 08.00 999 1004.8  09.9 999.0 999.0 99.0
87 01 01 20 999 99.0 99.0 04.00 12.50 07.80 999 1004.1  10.5 999.0 999.0 99.0
87 01 01 21 999 99.0 99.0 03.90 10.00 07.80 999 1003.8  10.1 999.0 999.0 99.0
87 01 01 22 999 99.0 99.0 03.70 10.00 07.00 999 1004.6  08.9 999.0 999.0 99.0
87 01 01 23 999 99.0 99.0 03.90 12.50 07.60 999 1005.9  09.4 999.0 999.0 99.0
87 01 02 00 999 99.0 99.0 03.80 12.50 07.20 999 1007.8  09.0 999.0 999.0 99.0
87 01 02 01 999 99.0 99.0 03.90 12.50 07.20 999 1009.3  08.9 999.0 999.0 99.0
87 01 02 02 999 99.0 99.0 03.80 12.50 07.10 999 1010.3  09.4 999.0 999.0 99.0
87 01 02 03 999 99.0 99.0 04.10 11.10 07.00 999 1011.5  09.7 999.0 999.0 99.0
87 01 02 06 999 99.0 99.0 03.70 12.50 06.60 999 1014.7  10.2 999.0 999.0 99.0
87 01 02 07 999 99.0 99.0 03.50 12.50 06.70 999 1015.5  10.4 999.0 999.0 99.0
87 01 02 08 999 99.0 99.0 03.10 12.50 06.20 999 1015.9  10.5 999.0 999.0 99.0
87 01 02 09 999 99.0 99.0 03.40 12.50 06.60 999 1016.0  10.5 999.0 999.0 99.0
87 01 02 10 999 99.0 99.0 03.50 12.50 06.50 999 1016.0  10.5 999.0 999.0 99.0
87 01 02 11 999 99.0 99.0 03.80 12.50 06.40 999 1015.9  10.4 999.0 999.0 99.0
87 01 02 12 999 99.0 99.0 03.90 20.00 06.20 999 1015.1  10.2 999.0 999.0 99.0
87 01 02 13 999 99.0 99.0 04.50 12.50 06.60 999 1014.3  10.5 999.0 999.0 99.0
87 01 02 16 999 99.0 99.0 06.20 20.00 08.90 999 1014.7  10.1 999.0 999.0 99.0
87 01 02 17 999 99.0 99.0 06.40 20.00 09.00 999 1013.9  10.1 999.0 999.0 99.0
87 01 02 18 999 99.0 99.0 06.30 20.00 08.90 999 1013.9  10.0 999.0 999.0 99.0
87 01 02 19 999 99.0 99.0 06.10 20.00 08.90 999 1012.1  10.4 999.0 999.0 99.0
87 01 02 20 999 99.0 99.0 06.10 16.70 09.60 999 1010.7  08.9 999.0 999.0 99.0
87 01 02 21 999 99.0 99.0 05.60 16.70 09.70 999 1008.4  08.7 999.0 999.0 99.0
87 01 02 22 999 99.0 99.0 06.00 20.00 10.80 999 1007.8  10.2 999.0 999.0 99.0
87 01 02 23 999 99.0 99.0 04.40 16.70 09.40 999 1005.3  11.5 999.0 999.0 99.0
87 01 03 00 999 99.0 99.0 05.20 16.70 08.10 999 1003.2  11.8 999.0 999.0 99.0
87 01 03 01 999 99.0 99.0 05.60 16.70 08.00 999 1001.6  10.8 999.0 999.0 99.0
87 01 03 02 999 99.0 99.0 05.20 16.70 07.60 999 1001.1  10.4 999.0 999.0 99.0
87 01 03 03 999 99.0 99.0 05.40 16.70 07.40 999 1000.2  10.3 999.0 999.0 99.0
87 01 03 04 999 99.0 99.0 05.80 20.00 08.30 999 0998.9  09.7 999.0 999.0 99.0
87 01 03 05 999 99.0 99.0 06.70 16.70 08.70 999 0997.6  11.0 999.0 999.0 99.0
87 01 03 06 999 99.0 99.0 06.80 11.10 08.60 999 0995.9  11.9 999.0 999.0 99.0
87 01 03 07 999 99.0 99.0 07.70 16.70 09.10 999 0995.0  11.4 999.0 999.0 99.0
87 01 03 08 999 99.0 99.0 08.70 11.10 09.80 999 0995.3  10.2 999.0 999.0 99.0
87 01 03 09 999 99.0 99.0 08.00 11.10 09.20 999 0994.6  10.2 999.0 999.0 99.0
87 01 03 10 999 99.0 99.0 99.00 99.00 99.00 999 0994.4  09.7 999.0 999.0 99.0
87 01 03 11 999 99.0 99.0 07.30 12.50 09.30 999 0994.8  10.1 999.0 999.0 99.0
87 01 03 12 999 99.0 99.0 06.10 16.70 08.50 999 0995.7  10.0 999.0 999.0 99.0
87 01 03 13 999 99.0 99.0 06.00 14.30 08.30 999 0996.3  09.3 999.0 999.0 99.0
87 01 03 14 999 99.0 99.0 06.30 16.70 09.00 999 0997.5  10.2 999.0 999.0 99.0
87 01 03 15 999 99.0 99.0 05.70 14.30 08.50 999 0998.6  10.2 999.0 999.0 99.0
87 01 03 16 999 99.0 99.0 05.00 12.50 07.90 999 0999.3  10.4 999.0 999.0 99.0
87 01 03 17 999 99.0 99.0 04.90 12.50 08.10 999 1000.1  10.2 999.0 999.0 99.0
87 01 03 18 999 99.0 99.0 05.60 16.70 08.80 999 1000.6  10.0 999.0 999.0 99.0
87 01 03 19 999 99.0 99.0 05.50 14.30 08.60 999 1001.1  09.2 999.0 999.0 99.0
87 01 03 20 999 99.0 99.0 05.20 12.50 08.50 999 1000.6  09.8 999.0 999.0 99.0
87 01 03 21 999 99.0 99.0 06.00 12.50 08.30 999 1000.6  08.4 999.0 999.0 99.0
87 01 03 22 999 99.0 99.0 06.70 14.30 09.30 999 1000.4  08.8 999.0 999.0 99.0
87 01 03 23 999 99.0 99.0 06.40 14.30 09.20 999 1000.2  07.9 999.0 999.0 99.0
87 01 04 00 999 99.0 99.0 99.00 99.00 99.00 999 1001.1  08.3 999.0 999.0 99.0
87 01 04 01 999 99.0 99.0 05.70 12.50 08.20 999 1002.1  08.9 999.0 999.0 99.0
87 01 04 02 999 99.0 99.0 05.20 14.30 07.80 999 1003.0  09.7 999.0 999.0 99.0
87 01 04 03 999 99.0 99.0 05.10 12.50 07.90 999 1003.3  09.7 999.0 999.0 99.0
87 01 04 04 999 99.0 99.0 04.70 12.50 07.70 999 1004.1  08.0 999.0 999.0 99.0
87 01 04 05 999 99.0 99.0 05.20 12.50 08.40 999 1004.5  08.2 999.0 999.0 99.0
87 01 04 06 999 99.0 99.0 04.60 14.30 07.70 999 1004.6  09.0 999.0 999.0 99.0
87 01 04 07 999 99.0 99.0 04.30 11.10 07.40 999 1004.7  09.7 999.0 999.0 99.0
87 01 04 08 999 99.0 99.0 04.20 14.30 08.00 999 1004.9  09.7 999.0 999.0 99.0
87 01 04 09 999 99.0 99.0 04.00 14.30 07.50 999 1005.5  09.7 999.0 999.0 99.0
87 01 04 10 999 99.0 99.0 03.70 12.50 07.20 999 1005.6  09.7 999.0 999.0 99.0
87 01 04 11 999 99.0 99.0 04.10 12.50 07.50 999 1005.8  09.8 999.0 999.0 99.0
87 01 04 12 999 99.0 99.0 03.80 12.50 07.10 999 1005.8  09.6 999.0 999.0 99.0
87 01 04 13 999 99.0 99.0 03.80 12.50 07.20 999 1006.0  09.0 999.0 999.0 99.0
87 01 04 14 999 99.0 99.0 04.40 12.50 07.60 999 1006.4  09.1 999.0 999.0 99.0
87 01 04 15 999 99.0 99.0 04.90 11.10 07.60 999 1007.0  09.3 999.0 999.0 99.0
87 01 04 16 999 99.0 99.0 04.50 11.10 07.40 999 1006.9  09.0 999.0 999.0 99.0
87 01 04 17 999 99.0 99.0 05.00 12.50 08.20 999 1007.6  09.1 999.0 999.0 99.0
87 01 04 18 999 99.0 99.0 04.60 12.50 07.50 999 1008.0  09.4 999.0 999.0 99.0
87 01 04 19 999 99.0 99.0 06.10 12.50 08.50 999 1008.0  09.4 999.0 999.0 99.0
87 01 04 20 999 99.0 99.0 05.70 14.30 08.20 999 1007.8  08.8 999.0 999.0 99.0
87 01 04 21 999 99.0 99.0 05.90 14.30 08.60 999 1007.4  08.6 999.0 999.0 99.0
87 01 04 22 999 99.0 99.0 05.40 14.30 08.30 999 1006.7  09.4 999.0 999.0 99.0
87 01 04 23 999 99.0 99.0 05.90 14.30 08.80 999 1006.6  09.2 999.0 999.0 99.0
87 01 05 00 999 99.0 99.0 05.00 14.30 08.00 999 1006.7  09.3 999.0 999.0 99.0
87 01 05 01 999 99.0 99.0 05.00 14.30 08.00 999 1007.2  08.6 999.0 999.0 99.0
87 01 05 02 999 99.0 99.0 04.20 14.30 06.90 999 1007.6  08.4 999.0 999.0 99.0
87 01 05 03 999 99.0 99.0 03.90 12.50 06.90 999 1008.0  07.8 999.0 999.0 99.0
87 01 05 04 999 99.0 99.0 04.00 12.50 06.90 999 1008.4  07.8 999.0 999.0 99.0
87 01 05 05 999 99.0 99.0 03.90 12.50 07.20 999 1008.9  07.9 999.0 999.0 99.0
87 01 05 06 999 99.0 99.0 04.30 14.30 08.10 999 1009.7  08.0 999.0 999.0 99.0
87 01 05 07 999 99.0 99.0 03.90 12.50 07.60 999 1010.4  08.1 999.0 999.0 99.0
87 01 05 08 999 99.0 99.0 03.50 12.50 07.40 999 1010.6  08.1 999.0 999.0 99.0
87 01 05 09 999 99.0 99.0 04.00 12.50 08.00 999 1010.8  07.8 999.0 999.0 99.0
87 01 05 10 999 99.0 99.0 03.70 12.50 07.90 999 1011.0  07.8 999.0 999.0 99.0
87 01 05 11 999 99.0 99.0 03.60 12.50 07.90 999 1011.2  07.7 999.0 999.0 99.0
87 01 05 12 999 99.0 99.0 03.90 12.50 08.30 999 1011.3  07.5 999.0 999.0 99.0
87 01 05 13 999 99.0 99.0 03.40 12.50 07.80 999 1011.2  07.4 999.0 999.0 99.0
87 01 05 14 999 99.0 99.0 03.40 12.50 08.30 999 1011.4  07.4 999.0 999.0 99.0
87 01 05 15 999 99.0 99.0 02.90 12.50 07.80 999 1011.7  07.4 999.0 999.0 99.0
87 01 05 16 999 99.0 99.0 03.20 12.50 08.30 999 1011.8  07.1 999.0 999.0 99.0
87 01 05 17 999 99.0 99.0 02.70 12.50 07.90 999 1012.5  07.1 999.0 999.0 99.0
87 01 05 18 999 99.0 99.0 02.50 12.50 07.60 999 1013.3  07.4 999.0 999.0 99.0
87 01 05 19 999 99.0 99.0 02.80 12.50 08.30 999 1013.5  07.8 999.0 999.0 99.0
87 01 05 20 999 99.0 99.0 02.30 12.50 07.70 999 1013.4  07.4 999.0 999.0 99.0
87 01 05 21 999 99.0 99.0 02.40 10.00 07.70 999 1013.4  07.4 999.0 999.0 99.0
87 01 05 22 999 99.0 99.0 02.40 11.10 07.80 999 1013.2  07.9 999.0 999.0 99.0
87 01 05 23 999 99.0 99.0 02.60 12.50 08.30 999 1013.3  08.6 999.0 999.0 99.0
87 01 06 00 999 99.0 99.0 02.40 11.10 07.40 999 1013.7  08.9 999.0 999.0 99.0
87 01 06 01 999 99.0 99.0 02.10 11.10 07.10 999 1014.2  08.2 999.0 999.0 99.0
87 01 06 02 999 99.0 99.0 02.20 11.10 07.10 999 1014.8  07.9 999.0 999.0 99.0
87 01 06 03 999 99.0 99.0 02.50 11.10 07.40 999 1015.4  07.9 999.0 999.0 99.0
87 01 06 04 999 99.0 99.0 02.40 11.10 07.30 999 1016.2  07.8 999.0 999.0 99.0
87 01 06 05 999 99.0 99.0 02.40 11.10 07.70 999 1016.7  07.3 999.0 999.0 99.0
87 01 06 06 999 99.0 99.0 02.40 11.10 07.60 999 1017.3  07.1 999.0 999.0 99.0
87 01 06 07 999 99.0 99.0 02.40 12.50 07.80 999 1018.0  06.6 999.0 999.0 99.0
87 01 06 08 999 99.0 99.0 02.00 12.50 07.30 999 1018.6  06.2 999.0 999.0 99.0
87 01 06 09 999 99.0 99.0 02.10 12.50 07.40 999 1018.8  05.9 999.0 999.0 99.0
87 01 06 10 999 99.0 99.0 01.80 12.50 06.50 999 1019.2  05.8 999.0 999.0 99.0
87 01 06 11 999 99.0 99.0 01.80 12.50 06.90 999 1019.6  05.8 999.0 999.0 99.0
87 01 06 12 999 99.0 99.0 01.80 11.10 06.50 999 1019.8  05.5 999.0 999.0 99.0
87 01 06 13 999 99.0 99.0 01.80 11.10 06.80 999 1019.9  05.2 999.0 999.0 99.0
87 01 06 14 999 99.0 99.0 01.60 11.10 06.50 999 1020.1  05.4 999.0 999.0 99.0
87 01 06 15 999 99.0 99.0 01.90 16.70 07.50 999 1020.4  05.1 999.0 999.0 99.0
87 01 06 16 999 99.0 99.0 01.90 16.70 07.70 999 1021.0  04.7 999.0 999.0 99.0
87 01 06 17 999 99.0 99.0 01.70 16.70 06.90 999 1021.8  04.8 999.0 999.0 99.0
87 01 06 18 999 99.0 99.0 01.90 16.70 07.20 999 1022.2  05.1 999.0 999.0 99.0
87 01 06 19 999 99.0 99.0 01.80 14.30 06.30 999 1022.6  05.3 999.0 999.0 99.0
87 01 06 20 999 99.0 99.0 01.70 16.70 06.40 999 1022.2  05.5 999.0 999.0 99.0
87 01 06 21 999 99.0 99.0 01.80 16.70 06.60 999 1022.0  06.5 999.0 999.0 99.0
87 01 06 22 999 99.0 99.0 02.10 16.70 08.00 999 1021.8  06.6 999.0 999.0 99.0
87 01 06 23 999 99.0 99.0 02.00 16.70 07.80 999 1021.8  07.4 999.0 999.0 99.0
87 01 07 00 999 99.0 99.0 01.80 16.70 07.70 999 1021.9  07.4 999.0 999.0 99.0
87 01 07 01 999 99.0 99.0 01.80 16.70 08.20 999 1022.4  07.8 999.0 999.0 99.0
87 01 07 02 999 99.0 99.0 01.70 16.70 08.00 999 1022.6  07.8 999.0 999.0 99.0
87 01 07 03 999 99.0 99.0 01.90 16.70 09.20 999 1023.0  07.1 999.0 999.0 99.0
87 01 07 04 999 99.0 99.0 02.00 16.70 09.40 999 1023.6  07.0 999.0 999.0 99.0
87 01 07 05 999 99.0 99.0 01.90 16.70 08.50 999 1023.7  06.3 999.0 999.0 99.0
87 01 07 06 999 99.0 99.0 02.00 16.70 08.90 999 1024.0  05.9 999.0 999.0 99.0
87 01 07 07 999 99.0 99.0 02.20 14.30 09.40 999 1024.1  05.8 999.0 999.0 99.0
87 01 07 08 999 99.0 99.0 02.10 16.70 08.70 999 1024.0  05.5 999.0 999.0 99.0
87 01 07 09 999 99.0 99.0 02.20 14.30 08.40 999 1024.0  05.1 999.0 999.0 99.0
87 01 07 10 999 99.0 99.0 02.20 14.30 08.80 999 1023.9  04.7 999.0 999.0 99.0
87 01 07 11 999 99.0 99.0 02.50 14.30 09.00 999 1023.8  05.1 999.0 999.0 99.0
87 01 07 12 999 99.0 99.0 02.20 14.30 08.50 999 1023.5  04.6 999.0 999.0 99.0
87 01 07 13 999 99.0 99.0 02.40 14.30 08.60 999 1023.6  04.7 999.0 999.0 99.0
87 01 07 14 999 99.0 99.0 02.40 12.50 08.10 999 1023.8  04.6 999.0 999.0 99.0
87 01 07 15 999 99.0 99.0 02.70 12.50 08.80 999 1024.1  04.7 999.0 999.0 99.0
87 01 07 16 999 99.0 99.0 02.40 12.50 08.10 999 1024.2  04.6 999.0 999.0 99.0
87 01 07 17 999 99.0 99.0 02.30 14.30 08.10 999 1024.2  04.4 999.0 999.0 99.0
87 01 07 18 999 99.0 99.0 02.20 14.30 08.10 999 1024.4  05.0 999.0 999.0 99.0
87 01 07 19 999 99.0 99.0 01.90 12.50 07.50 999 1024.4  05.5 999.0 999.0 99.0
87 01 07 20 999 99.0 99.0 02.20 11.10 07.70 999 1024.1  05.9 999.0 999.0 99.0
87 01 07 21 999 99.0 99.0 99.00 99.00 99.00 999 1023.5  06.6 999.0 999.0 99.0
87 01 07 22 999 99.0 99.0 02.30 08.30 08.50 999 1022.6  07.4 999.0 999.0 99.0
87 01 07 23 999 99.0 99.0 02.80 08.30 08.70 999 1022.6  07.8 999.0 999.0 99.0
87 01 08 00 999 99.0 99.0 02.00 14.30 10.70 999 1022.5  07.9 999.0 999.0 99.0
87 01 08 01 999 99.0 99.0 02.20 14.30 11.20 999 1022.4  08.0 999.0 999.0 99.0
87 01 08 02 999 99.0 99.0 02.40 08.30 08.40 999 1022.6  07.4 999.0 999.0 99.0
87 01 08 03 999 99.0 99.0 02.20 08.30 08.50 999 1022.6  06.8 999.0 999.0 99.0
87 01 08 04 999 99.0 99.0 99.00 99.00 99.00 999 1023.0  06.3 999.0 999.0 99.0
87 01 08 05 999 99.0 99.0 01.70 11.10 07.00 999 1022.8  05.9 999.0 999.0 99.0
87 01 08 06 999 99.0 99.0 01.60 12.50 06.10 999 1022.6  05.5 999.0 999.0 99.0
87 01 08 07 999 99.0 99.0 01.60 11.10 05.50 999 1022.6  05.4 999.0 999.0 99.0
87 01 08 08 999 99.0 99.0 01.60 14.30 05.60 999 1022.6  05.4 999.0 999.0 99.0
87 01 08 09 999 99.0 99.0 01.50 10.00 04.90 999 1022.3  05.1 999.0 999.0 99.0
87 01 08 10 999 99.0 99.0 01.40 03.60 04.10 999 1022.4  05.1 999.0 999.0 99.0
87 01 08 11 999 99.0 99.0 01.40 03.40 04.30 999 1022.3  05.1 999.0 999.0 99.0
87 01 08 12 999 99.0 99.0 01.40 03.60 03.90 999 1022.0  05.1 999.0 999.0 99.0
87 01 08 13 999 99.0 99.0 01.30 03.60 04.00 999 1021.9  05.1 999.0 999.0 99.0
87 01 08 14 999 99.0 99.0 01.20 03.40 04.00 999 1021.7  05.1 999.0 999.0 99.0
87 01 08 15 999 99.0 99.0 01.30 03.40 04.20 999 1021.8  05.7 999.0 999.0 99.0
87 01 08 16 999 99.0 99.0 01.30 03.40 04.00 999 1022.0  05.9 999.0 999.0 99.0
87 01 08 17 999 99.0 99.0 01.40 12.50 04.70 999 1022.5  06.2 999.0 999.0 99.0
87 01 08 18 999 99.0 99.0 01.60 03.40 04.20 999 1022.5  06.3 999.0 999.0 99.0
87 01 08 19 999 99.0 99.0 01.80 03.60 04.30 999 1023.1  07.0 999.0 999.0 99.0
87 01 08 20 999 99.0 99.0 99.00 99.00 99.00 999 1022.4  08.1 999.0 999.0 99.0
87 01 08 22 999 99.0 99.0 02.20 09.10 07.30 999 1022.1  08.9 999.0 999.0 99.0
87 01 08 23 999 99.0 99.0 03.40 08.30 08.90 999 9999.0  08.6 999.0 999.0 99.0
87 01 09 00 090 08.0 09.0 02.40 09.10 06.00 999 1022.8  08.6 999.0 999.0 99.0
87 01 09 01 090 06.0 08.0 02.40 08.30 05.80 999 1023.3  08.2 999.0 999.0 99.0
87 01 09 02 090 06.0 08.0 02.50 09.10 06.00 999 1023.3  08.1 999.0 999.0 99.0
87 01 09 03 090 06.0 07.0 02.40 10.00 05.90 999 1023.8  07.9 999.0 999.0 99.0
87 01 09 04 090 06.0 08.0 02.50 09.10 06.00 999 1024.3  07.8 999.0 999.0 99.0
87 01 09 05 090 06.0 07.0 02.60 09.10 06.20 999 1025.1 999.0 999.0 999.0 99.0
87 01 09 06 090 07.0 09.0 02.50 08.30 05.90 999 1025.6  07.4 999.0 999.0 99.0
87 01 09 07 080 07.0 09.0 02.50 10.00 05.90 999 1026.0  06.8 999.0 999.0 99.0
87 01 09 08 080 08.0 10.0 02.70 10.00 06.10 999 1026.1  06.6 999.0 999.0 99.0
87 01 09 09 070 09.0 11.0 02.60 09.10 05.80 999 1026.1  06.2 999.0 999.0 99.0
87 01 09 10 080 09.0 11.0 02.60 09.10 05.60 999 1026.4  06.2 999.0 999.0 99.0
87 01 09 11 080 11.0 13.0 02.60 09.10 05.40 999 1025.8  05.9 999.0 999.0 99.0
87 01 09 12 090 09.0 11.0 02.70 10.00 05.40 999 1026.2  06.2 999.0 999.0 99.0
87 01 09 13 080 09.0 12.0 03.00 09.10 06.20 999 1026.1  06.2 999.0 999.0 99.0
87 01 09 14 080 10.0 12.0 02.60 09.10 05.50 999 1026.2  06.1 999.0 999.0 99.0
87 01 09 15 070 10.0 12.0 03.00 09.10 06.00 999 1026.4  05.8 999.0 999.0 99.0
87 01 09 16 080 10.0 12.0 02.70 09.10 05.70 999 1026.9  05.9 999.0 999.0 99.0
87 01 09 17 080 11.0 13.0 02.70 10.00 05.80 999 1027.0  05.9 999.0 999.0 99.0
87 01 09 18 080 09.0 11.0 02.60 10.00 05.60 999 1027.4  06.3 999.0 999.0 99.0
87 01 09 19 080 09.0 11.0 02.60 10.00 05.90 999 1027.6  07.0 999.0 999.0 99.0
87 01 09 20 080 08.0 10.0 02.50 09.10 06.00 999 1026.9  07.7 999.0 999.0 99.0
87 01 09 22 070 07.0 09.0 02.40 10.00 06.00 999 1026.5  08.2 999.0 999.0 99.0
87 01 09 23 090 06.0 08.0 02.60 10.00 06.30 999 1026.5  09.0 999.0 999.0 99.0
87 01 10 00 090 05.0 07.0 02.60 09.10 06.70 999 1026.5  09.3 999.0 999.0 99.0
87 01 10 01 090 05.0 07.0 02.50 12.50 06.70 999 1026.6  09.3 999.0 999.0 99.0
87 01 10 02 090 06.0 09.0 02.60 11.10 06.80 999 1026.1  09.0 999.0 999.0 99.0
87 01 10 03 100 06.0 07.0 02.80 14.30 06.60 999 9999.0  09.0 999.0 999.0 99.0
87 01 10 04 090 05.0 07.0 02.50 12.50 06.40 999 1026.2  09.0 999.0 999.0 99.0
87 01 10 05 100 06.0 07.0 02.90 14.30 07.40 999 1025.5  09.0 999.0 999.0 99.0
87 01 10 06 080 05.0 07.0 03.00 14.30 07.10 999 1025.5  09.2 999.0 999.0 99.0
87 01 10 07 150 06.0 07.0 03.00 12.50 07.20 999 1025.5  11.1 999.0 999.0 99.0
87 01 10 08 180 08.0 10.0 02.80 12.50 06.10 999 1025.3  11.4 999.0 999.0 99.0
87 01 10 09 110 04.0 06.0 02.40 12.50 05.70 999 1025.4  08.9 999.0 999.0 99.0
87 01 10 10 170 10.0 13.0 02.80 12.50 05.90 999 1024.7  11.0 999.0 999.0 99.0
87 01 10 11 160 10.0 13.0 02.80 12.50 05.80 999 1024.6  10.9 999.0 999.0 99.0
87 01 10 12 160 10.0 13.0 03.00 12.50 05.90 999 1024.0 999.0 999.0 999.0 99.0
87 01 10 13 170 09.0 12.0 02.90 12.50 05.60 999 1024.2  10.5 999.0 999.0 99.0
87 01 10 14 160 10.0 13.0 03.00 12.50 05.70 999 1024.0  10.6 999.0 999.0 99.0
87 01 10 15 160 11.0 13.0 99.00 99.00 99.00 999 1023.7  10.5 999.0 999.0 99.0
87 01 10 16 170 10.0 13.0 03.10 14.30 05.70 999 1023.6  10.6 999.0 999.0 99.0
87 01 10 17 160 11.0 14.0 03.20 14.30 06.00 999 1023.5  10.6 999.0 999.0 99.0
87 01 10 18 170 12.0 15.0 03.70 14.30 06.40 999 1023.3  10.9 999.0 999.0 99.0
87 01 10 19 170 09.0 11.0 03.50 12.50 06.30 999 1023.8  10.9 999.0 999.0 99.0
87 01 10 20 170 10.0 13.0 03.40 14.30 06.20 999 1023.5  10.9 999.0 999.0 99.0
87 01 10 21 170 10.0 12.0 03.70 14.30 06.40 999 1022.5  10.9 999.0 999.0 99.0
87 01 10 22 170 11.0 14.0 03.80 12.50 06.60 999 1021.9  11.0 999.0 999.0 99.0
87 01 10 23 170 11.0 13.0 03.50 11.10 06.50 999 1021.8  11.0 999.0 999.0 99.0
87 01 11 00 170 10.0 13.0 03.10 12.50 06.20 999 1021.2  10.9 999.0 999.0 99.0
87 01 11 01 170 11.0 14.0 03.80 12.50 06.60 999 1021.2  10.9 999.0 999.0 99.0
87 01 11 02 170 11.0 13.0 03.60 12.50 06.60 999 1021.3  10.9 999.0 999.0 99.0
87 01 11 03 170 11.0 14.0 03.50 12.50 06.50 999 1020.9  11.0 999.0 999.0 99.0
87 01 11 04 160 11.0 14.0 03.60 12.50 06.60 999 1020.4  11.3 999.0 999.0 99.0
87 01 11 05 170 10.0 99.0 99.00 99.00 99.00 999 1020.2  11.3 999.0 999.0 99.0
87 01 11 07 180 12.0 14.0 03.50 11.10 06.40 999 1019.9  10.9 999.0 999.0 99.0
87 01 11 08 170 12.0 15.0 03.20 10.00 05.80 999 1019.5  10.5 999.0 999.0 99.0
87 01 11 09 170 12.0 15.0 03.70 11.10 06.50 999 1019.2  10.5 999.0 999.0 99.0
87 01 11 10 160 11.0 14.0 03.80 11.10 06.40 999 1018.8  10.4 999.0 999.0 99.0
87 01 11 11 170 10.0 12.0 03.90 10.00 06.70 999 1019.0  10.5 999.0 999.0 99.0
87 01 11 12 180 08.0 10.0 04.00 11.10 06.60 999 1018.8  10.5 999.0 999.0 99.0
87 01 11 13 180 10.0 12.0 99.00 99.00 99.00 999 1018.8  10.2 999.0 999.0 99.0
87 01 11 14 180 12.0 15.0 03.70 11.10 06.60 999 1017.8  10.2 999.0 999.0 99.0
87 01 11 15 170 11.0 14.0 04.00 11.10 06.80 999 1017.8  10.2 999.0 999.0 99.0
87 01 11 16 170 10.0 13.0 04.10 12.50 06.80 999 1017.7 999.0 999.0 999.0 99.0
87 01 11 17 170 10.0 13.0 03.70 12.50 06.50 999 1017.8  10.3 999.0 999.0 99.0
87 01 11 18 160 11.0 14.0 03.90 12.50 06.70 999 1017.4  10.5 999.0 999.0 99.0
87 01 11 19 160 11.0 14.0 99.00 99.00 99.00 999 1017.2  10.6 999.0 999.0 99.0
87 01 11 20 160 10.0 13.0 99.00 99.00 99.00 999 1016.5  10.6 999.0 999.0 99.0
87 01 11 21 180 10.0 13.0 03.40 12.50 06.10 999 1015.8  11.0 999.0 999.0 99.0
87 01 11 22 180 12.0 14.0 03.80 11.10 06.50 999 1014.9  10.6 999.0 999.0 99.0
87 01 11 23 180 12.0 16.0 04.20 11.10 06.60 999 1014.8  10.9 999.0 999.0 99.0
87 01 12 00 180 11.0 99.0 99.00 99.00 99.00 999 1014.7  10.6 999.0 999.0 99.0
87 01 12 01 170 11.0 14.0 04.00 09.10 06.50 999 1014.7  10.4 999.0 999.0 99.0
87 01 12 02 170 12.0 14.0 04.20 12.50 06.50 999 1014.1  10.5 999.0 999.0 99.0
87 01 12 03 170 12.0 15.0 04.00 09.10 06.60 999 1013.7  10.5 999.0 999.0 99.0
87 01 12 05 180 09.0 11.0 03.90 14.30 06.50 999 1013.0  10.5 999.0 999.0 99.0
87 01 12 06 280 03.0 05.0 03.60 14.30 06.50 999 1013.0  09.2 999.0 999.0 99.0
87 01 12 07 240 02.0 05.0 03.90 12.50 07.20 999 1013.2  09.1 999.0 999.0 99.0
87 01 12 08 190 05.0 06.0 03.70 12.50 07.60 999 1013.2  09.3 999.0 999.0 99.0
87 01 12 09 210 08.0 12.0 03.30 12.50 07.60 999 1012.8  09.0 999.0 999.0 99.0
87 01 12 10 220 08.0 11.0 04.00 14.30 08.00 999 1013.2  08.6 999.0 999.0 99.0
87 01 12 11 190 10.0 12.0 03.70 14.30 07.70 999 1013.4  08.3 999.0 999.0 99.0
87 01 12 13 170 12.0 14.0 05.20 16.70 08.90 999 1012.2  08.3 999.0 999.0 99.0
87 01 12 14 180 13.0 17.0 04.50 16.70 07.70 999 1011.8  08.7 999.0 999.0 99.0
87 01 12 15 170 11.0 14.0 05.50 16.70 08.60 999 1012.5  08.6 999.0 999.0 99.0
87 01 12 16 190 10.0 15.0 05.90 12.50 08.40 999 1013.0  09.2 999.0 999.0 99.0
87 01 12 17 180 13.0 16.0 06.00 16.70 08.50 999 1012.9  09.4 999.0 999.0 99.0
87 01 12 18 200 11.0 14.0 06.00 16.70 08.30 999 1013.7  08.5 999.0 999.0 99.0
87 01 12 19 190 11.0 14.0 05.70 14.30 07.90 999 1013.9  09.1 999.0 999.0 99.0
87 01 12 20 210 11.0 15.0 05.50 16.70 08.00 999 1013.8  09.4 999.0 999.0 99.0
87 01 12 21 220 12.0 15.0 05.00 14.30 07.40 999 1014.0  09.7 999.0 999.0 99.0
87 01 12 23 230 11.0 14.0 99.00 99.00 99.00 999 1014.8  08.6 999.0 999.0 99.0
87 01 13 00 290 11.0 15.0 05.70 14.30 08.20 999 1016.5  07.1 999.0 999.0 99.0
87 01 13 01 280 08.0 11.0 05.00 12.50 07.90 999 1018.0  07.7 999.0 999.0 99.0
87 01 13 02 290 12.0 16.0 05.50 14.30 08.20 999 1019.2  08.1 999.0 999.0 99.0
87 01 13 04 310 08.0 10.0 04.80 14.30 07.50 999 1022.0  06.8 999.0 999.0 99.0
87 01 13 05 290 10.0 12.0 05.10 14.30 08.10 999 1023.0  08.1 999.0 999.0 99.0
87 01 13 06 280 09.0 11.0 05.00 14.30 08.00 999 1024.2  07.9 999.0 999.0 99.0
87 01 13 07 999 99.0 99.0 06.40 14.30 09.10 999 1025.2 999.0 999.0 999.0 99.0
87 01 13 08 270 09.0 13.0 05.40 12.50 08.40 999 1025.7  07.4 999.0 999.0 99.0
87 01 13 09 260 08.0 99.0 99.00 99.00 99.00 999 1026.3  06.7 999.0 999.0 99.0
87 01 13 10 280 09.0 12.0 05.50 14.30 08.10 999 1026.9  07.2 999.0 999.0 99.0
87 01 13 11 280 08.0 11.0 05.60 14.30 08.00 999 1028.0  06.9 999.0 999.0 99.0
87 01 13 13 260 07.0 09.0 04.50 14.30 07.20 999 1028.3  06.7 999.0 999.0 99.0
87 01 13 14 280 10.0 12.0 99.00 99.00 99.00 999 1028.9  06.3 999.0 999.0 99.0
87 01 13 15 270 06.0 08.0 04.80 12.50 08.00 999 1029.3  06.7 999.0 999.0 99.0
87 01 13 16 260 06.0 08.0 04.80 11.10 08.30 999 1029.8  07.1 999.0 999.0 99.0
87 01 13 18 230 07.0 09.0 03.70 12.50 07.30 999 1029.7  07.3 999.0 999.0 99.0
87 01 13 19 230 06.0 09.0 04.10 12.50 07.40 999 1029.4  07.3 999.0 999.0 99.0
87 01 13 20 230 05.0 07.0 03.70 12.50 07.30 999 1029.0  07.4 999.0 999.0 99.0
87 01 13 21 230 06.0 08.0 03.70 12.50 07.00 999 1028.4  07.4 999.0 999.0 99.0
87 01 13 22 210 07.0 09.0 99.00 99.00 99.00 999 1027.2  07.2 999.0 999.0 99.0
87 01 13 23 190 10.0 13.0 03.90 12.50 07.40 999 1025.9  07.9 999.0 999.0 99.0
87 01 14 00 210 11.0 13.0 04.10 12.50 07.10 999 1024.8  07.8 999.0 999.0 99.0
87 01 14 01 210 11.0 14.0 04.20 12.50 06.60 999 1023.6  08.2 999.0 999.0 99.0
87 01 14 02 220 12.0 15.0 04.50 12.50 06.70 999 1022.1  08.6 999.0 999.0 99.0
87 01 14 03 210 11.0 15.0 04.30 12.50 06.50 999 1021.2  08.8 999.0 999.0 99.0
87 01 14 04 250 08.0 11.0 03.80 12.50 06.60 999 1021.2  09.0 999.0 999.0 99.0
87 01 14 05 280 07.0 09.0 03.90 12.50 07.00 999 1020.2  09.3 999.0 999.0 99.0
87 01 14 06 300 09.0 12.0 03.80 12.50 06.70 999 1020.6  09.0 999.0 999.0 99.0
87 01 14 07 330 10.0 13.0 04.30 12.50 07.20 999 1021.3  07.9 999.0 999.0 99.0
87 01 14 08 340 10.0 13.0 03.80 12.50 06.70 999 1022.7  06.2 999.0 999.0 99.0
87 01 14 09 350 08.0 10.0 03.90 12.50 07.10 999 1023.7  06.2 999.0 999.0 99.0
87 01 14 11 340 10.0 99.0 99.00 99.00 99.00 999 9999.0  06.9 999.0 999.0 99.0
87 01 14 12 350 10.0 13.0 03.60 12.50 06.70 999 1025.3  06.8 999.0 999.0 99.0
87 01 14 13 340 10.0 12.0 03.80 12.50 06.90 999 1025.9  06.7 999.0 999.0 99.0
87 01 14 16 020 05.0 07.0 03.20 11.10 07.10 999 1027.2  04.7 999.0 999.0 99.0
87 01 14 18 030 04.0 06.0 03.00 11.10 07.10 999 1028.4  04.5 999.0 999.0 99.0
87 01 14 19 030 04.0 05.0 02.90 11.10 07.00 999 1028.9  04.8 999.0 999.0 99.0
87 01 14 20 050 02.0 99.0 99.00 99.00 99.00 999 9999.0 999.0 999.0 999.0 99.0
87 01 14 21 010 01.0 03.0 03.20 11.10 07.20 999 1028.3  05.3 999.0 999.0 99.0
87 01 14 22 000 01.0 99.0 99.00 99.00 99.00 999 9999.0  05.7 999.0 999.0 99.0
87 01 14 23 020 05.0 07.0 02.80 09.10 06.60 999 1028.5  05.8 999.0 999.0 99.0
87 01 15 00 000 05.0 07.0 02.80 08.30 06.20 999 1029.2  05.4 999.0 999.0 99.0
87 01 15 01 000 05.0 06.0 02.70 11.10 06.60 999 1029.5  05.1 999.0 999.0 99.0
87 01 15 02 070 05.0 06.0 02.80 11.10 07.50 999 1030.2 999.0 999.0 999.0 99.0
87 01 15 03 060 06.0 08.0 02.70 12.50 08.20 999 9999.0 999.0 999.0 999.0 99.0
87 01 15 04 060 07.0 09.0 02.80 12.50 08.50 999 1031.4  04.3 999.0 999.0 99.0
87 01 15 05 060 06.0 08.0 02.60 12.50 07.90 999 1031.8  03.9 999.0 999.0 99.0
87 01 15 06 050 06.0 08.0 02.60 12.50 08.40 999 1032.1  03.6 999.0 999.0 99.0
87 01 15 08 050 07.0 09.0 02.60 12.50 07.50 999 1032.9  03.9 999.0 999.0 99.0
87 01 15 09 050 07.0 10.0 02.70 12.50 08.10 999 1033.2  03.5 999.0 999.0 99.0
87 01 15 10 050 07.0 09.0 02.40 12.50 07.80 999 1033.5  03.1 999.0 999.0 99.0
87 01 15 12 070 07.0 09.0 02.30 10.00 08.10 999 1034.2  02.8 999.0 999.0 99.0
87 01 15 13 070 05.0 07.0 02.50 12.50 07.90 999 1034.6  02.8 999.0 999.0 99.0
87 01 15 14 060 05.0 08.0 02.40 12.50 08.20 999 1035.1  02.4 999.0 999.0 99.0
87 01 15 15 060 05.0 07.0 02.10 12.50 07.70 999 1034.9  02.4 999.0 999.0 99.0
87 01 15 16 060 04.0 05.0 02.10 12.50 08.30 999 1035.2  02.0 999.0 999.0 99.0
87 01 15 18 070 02.0 04.0 02.40 12.50 08.80 999 1035.9 999.0 999.0 999.0 99.0
87 01 15 19 070 03.0 05.0 02.40 12.50 08.70 999 1035.8  02.7 999.0 999.0 99.0
87 01 15 20 070 03.0 04.0 02.30 12.50 08.60 999 1034.9  02.7 999.0 999.0 99.0
87 01 15 22 050 04.0 99.0 99.00 99.00 99.00 999 1034.6  03.4 999.0 999.0 99.0
87 01 15 23 030 03.0 99.0 99.00 99.00 99.00 999 1034.0  03.6 999.0 999.0 99.0
87 01 16 00 040 03.0 04.0 99.00 99.00 99.00 999 1034.4  03.7 999.0 999.0 99.0
87 01 16 01 050 02.0 03.0 01.90 10.00 08.90 999 1034.2  04.0 999.0 999.0 99.0
87 01 16 02 020 01.0 02.0 02.10 14.30 10.00 999 1034.6  04.0 999.0 999.0 99.0
87 01 16 03 020 02.0 02.0 01.90 10.00 09.30 999 1034.3  04.2 999.0 999.0 99.0
87 01 16 04 020 03.0 04.0 99.00 99.00 99.00 999 1034.0  04.3 999.0 999.0 99.0
87 01 16 05 020 03.0 05.0 02.10 14.30 10.60 999 1033.7  04.2 999.0 999.0 99.0
87 01 16 06 020 04.0 05.0 02.50 12.50 10.20 999 1033.6  04.0 999.0 999.0 99.0
87 01 16 07 020 04.0 04.0 02.50 14.30 10.20 999 1033.1  04.0 999.0 999.0 99.0
87 01 16 08 010 04.0 05.0 02.50 12.50 09.90 999 1033.1  03.9 999.0 999.0 99.0
87 01 16 09 070 01.0 03.0 02.60 14.30 10.00 999 1033.0  03.2 999.0 999.0 99.0
87 01 16 10 000 00.0 01.0 02.20 12.50 09.20 999 1032.7  03.2 999.0 999.0 99.0
87 01 16 11 070 02.0 04.0 02.20 12.50 09.30 999 1032.9  03.6 999.0 999.0 99.0
87 01 16 12 070 01.0 02.0 02.20 12.50 08.90 999 1033.0  02.8 999.0 999.0 99.0
87 01 16 13 070 02.0 03.0 02.20 12.50 09.50 999 1032.9  02.8 999.0 999.0 99.0
87 01 16 14 060 02.0 03.0 02.40 12.50 09.90 999 1032.8  02.8 999.0 999.0 99.0
87 01 16 15 060 01.0 03.0 02.10 12.50 09.40 999 1032.3  02.4 999.0 999.0 99.0
87 01 16 17 060 01.0 02.0 02.00 14.30 10.00 999 1032.2  02.8 999.0 999.0 99.0
87 01 16 18 060 02.0 03.0 02.10 14.30 09.70 999 1032.3  02.8 999.0 999.0 99.0
87 01 16 19 040 01.0 02.0 02.30 14.30 09.60 999 1032.5  03.2 999.0 999.0 99.0
87 01 16 20 020 02.0 03.0 02.30 14.30 10.10 999 1032.2  03.5 999.0 999.0 99.0
87 01 16 22 350 03.0 99.0 99.00 99.00 99.00 999 1030.9  04.2 999.0 999.0 99.0
87 01 16 23 340 04.0 05.0 02.40 14.30 10.20 999 1031.4  04.6 999.0 999.0 99.0
87 01 17 00 340 06.0 07.0 02.40 12.50 09.80 999 1031.6  04.7 999.0 999.0 99.0
87 01 17 01 000 08.0 10.0 02.50 12.50 09.80 999 1030.9  05.4 999.0 999.0 99.0
87 01 17 03 010 04.0 05.0 02.30 12.50 09.30 999 1031.4  05.1 999.0 999.0 99.0
87 01 17 04 010 04.0 05.0 01.90 14.30 08.70 999 1031.2  05.1 999.0 999.0 99.0
87 01 17 06 020 02.0 03.0 02.30 16.70 09.70 999 1031.4  04.6 999.0 999.0 99.0
87 01 17 07 020 02.0 02.0 02.10 12.50 09.50 999 1031.4  04.1 999.0 999.0 99.0
87 01 17 09 010 03.0 04.0 02.30 14.30 09.50 999 1031.3  03.9 999.0 999.0 99.0
87 01 17 10 030 03.0 04.0 02.30 14.30 09.80 999 1031.3  03.9 999.0 999.0 99.0
87 01 17 11 060 03.0 04.0 02.30 14.30 08.90 999 1031.4  03.2 999.0 999.0 99.0
87 01 17 13 060 03.0 04.0 01.90 14.30 08.30 999 1031.7  03.1 999.0 999.0 99.0
87 01 17 14 070 05.0 06.0 02.10 12.50 09.10 999 1031.8  03.3 999.0 999.0 99.0
87 01 17 15 080 05.0 07.0 02.10 14.30 09.30 999 1031.8  03.0 999.0 999.0 99.0
87 01 17 17 080 04.0 06.0 01.80 14.30 08.40 999 1032.4  02.8 999.0 999.0 99.0
87 01 17 18 080 05.0 06.0 02.00 12.50 09.10 999 1032.4  03.2 999.0 999.0 99.0
87 01 17 19 080 04.0 05.0 02.10 12.50 09.40 999 1032.6  03.5 999.0 999.0 99.0
87 01 17 20 060 03.0 04.0 02.20 11.10 09.10 999 1032.2  03.8 999.0 999.0 99.0
87 01 17 21 070 02.0 03.0 02.10 14.30 09.00 999 1031.7  04.6 999.0 999.0 99.0
87 01 17 22 050 01.0 02.0 02.00 14.30 08.50 999 1031.2  04.7 999.0 999.0 99.0
87 01 17 23 000 00.0 00.0 02.20 14.30 08.90 999 1031.4  05.0 999.0 999.0 99.0
87 01 18 00 000 00.0 01.0 02.00 14.30 08.60 999 1031.3  05.0 999.0 999.0 99.0
87 01 18 01 010 01.0 01.0 02.10 14.30 08.80 999 1031.4  05.0 999.0 999.0 99.0
87 01 18 02 050 01.0 02.0 01.90 14.30 09.00 999 1031.3  05.0 999.0 999.0 99.0
87 01 18 04 060 01.0 03.0 02.00 20.00 10.30 999 1031.1  05.1 999.0 999.0 99.0
87 01 18 05 080 03.0 04.0 02.10 14.30 09.90 999 1030.8  05.4 999.0 999.0 99.0
87 01 18 07 100 03.0 04.0 02.60 20.00 11.30 999 1030.6  05.5 999.0 999.0 99.0
87 01 18 09 110 03.0 04.0 02.80 14.30 10.50 999 1029.4  05.5 999.0 999.0 99.0
87 01 18 10 130 02.0 03.0 02.60 20.00 10.60 999 1029.4  05.5 999.0 999.0 99.0
87 01 18 11 170 01.0 01.0 02.90 20.00 11.20 999 1029.6  06.3 999.0 999.0 99.0
87 01 18 12 200 02.0 03.0 03.00 16.70 11.00 999 1029.1  07.0 999.0 999.0 99.0
87 01 18 14 220 03.0 04.0 03.10 16.70 10.80 999 1028.4  07.3 999.0 999.0 99.0
87 01 18 15 210 03.0 99.0 99.00 99.00 99.00 999 1028.4  07.4 999.0 999.0 99.0
87 01 18 17 190 04.0 04.0 03.40 16.70 11.50 999 1028.4  07.4 999.0 999.0 99.0
87 01 18 18 210 04.0 99.0 99.00 99.00 99.00 999 1027.8  07.4 999.0 999.0 99.0
87 01 18 19 210 04.0 99.0 99.00 99.00 99.00 999 1028.0  07.5 999.0 999.0 99.0
87 01 18 20 000 00.0 99.0 99.00 99.00 99.00 999 1027.8  07.3 999.0 999.0 99.0
87 01 18 21 000 00.0 01.0 03.60 16.70 09.00 999 1027.9  07.4 999.0 999.0 99.0
87 01 18 22 050 01.0 03.0 03.10 16.70 08.20 999 1028.4  06.7 999.0 999.0 99.0
87 01 18 23 000 00.0 00.0 03.30 16.70 08.90 999 1028.5  07.2 999.0 999.0 99.0
87 01 19 00 350 01.0 03.0 03.30 16.70 08.60 999 1028.4  07.3 999.0 999.0 99.0
87 01 19 01 010 02.0 04.0 02.90 16.70 07.50 999 1029.0  07.0 999.0 999.0 99.0
87 01 19 02 000 00.0 01.0 03.20 16.70 09.10 999 1029.3  07.0 999.0 999.0 99.0
87 01 19 03 350 02.0 03.0 02.90 16.70 08.40 999 1030.1  07.0 999.0 999.0 99.0
87 01 19 04 080 04.0 06.0 02.60 16.70 08.90 999 1030.7  05.8 999.0 999.0 99.0
87 01 19 05 070 08.0 10.0 02.30 16.70 08.20 999 1031.6  05.1 999.0 999.0 99.0
87 01 19 06 080 07.0 09.0 02.00 14.30 06.70 999 1031.7  05.0 999.0 999.0 99.0
87 01 19 07 080 07.0 09.0 02.30 16.70 08.30 999 1032.1  05.0 999.0 999.0 99.0
87 01 19 08 090 07.0 09.0 02.20 16.70 08.10 999 1032.2  05.0 999.0 999.0 99.0
87 01 19 09 090 05.0 99.0 99.00 99.00 99.00 999 9999.0 999.0 999.0 999.0 99.0
87 01 19 10 090 04.0 06.0 02.10 14.30 08.80 999 1031.8  04.7 999.0 999.0 99.0
87 01 19 11 070 05.0 06.0 02.00 14.30 08.60 999 1032.4  04.3 999.0 999.0 99.0
87 01 19 13 050 05.0 07.0 01.80 14.30 07.80 999 1032.5  03.9 999.0 999.0 99.0
87 01 19 14 070 06.0 07.0 01.90 14.30 07.50 999 1032.4  03.8 999.0 999.0 99.0
87 01 19 15 060 06.0 08.0 01.90 14.30 07.90 999 1032.7  03.6 999.0 999.0 99.0
87 01 19 16 060 07.0 08.0 01.80 16.70 08.00 999 1033.1  03.5 999.0 999.0 99.0
87 01 19 17 080 08.0 10.0 02.00 14.30 07.90 999 1032.1  03.6 999.0 999.0 99.0
87 01 19 18 070 09.0 11.0 99.00 99.00 99.00 999 1032.6  03.9 999.0 999.0 99.0
87 01 19 20 080 07.0 09.0 01.70 14.30 06.70 999 1032.7  04.5 999.0 999.0 99.0
87 01 19 21 070 06.0 07.0 01.70 14.30 07.00 999 1032.8  04.8 999.0 999.0 99.0
87 01 19 22 060 05.0 07.0 02.00 14.30 08.30 999 1032.3  05.5 999.0 999.0 99.0
87 01 19 23 010 03.0 99.0 99.00 99.00 99.00 999 9999.0 999.0 999.0 999.0 99.0
87 01 20 00 350 03.0 04.0 01.60 16.70 08.40 999 1032.2  05.1 999.0 999.0 99.0
87 01 20 01 350 03.0 03.0 01.60 14.30 08.50 999 1031.9  05.4 999.0 999.0 99.0
87 01 20 02 010 03.0 03.0 01.80 14.30 09.20 999 1031.7  05.8 999.0 999.0 99.0
87 01 20 03 050 04.0 05.0 01.70 14.30 09.00 999 1031.8  06.3 999.0 999.0 99.0
87 01 20 05 070 07.0 08.0 01.70 14.30 07.70 999 1031.4  05.9 999.0 999.0 99.0
87 01 20 06 070 07.0 08.0 01.40 14.30 06.50 999 1031.5  05.4 999.0 999.0 99.0
87 01 20 07 070 07.0 08.0 01.40 14.30 06.70 999 1031.5  05.3 999.0 999.0 99.0
87 01 20 08 070 07.0 08.0 01.50 14.30 07.30 999 1031.1  05.1 999.0 999.0 99.0
87 01 20 09 070 07.0 08.0 01.50 14.30 07.20 999 1030.6  05.0 999.0 999.0 99.0
87 01 20 10 080 07.0 08.0 01.70 14.30 07.50 999 1030.3  05.0 999.0 999.0 99.0
87 01 20 11 080 07.0 08.0 01.40 14.30 05.50 999 1030.2  05.0 999.0 999.0 99.0
87 01 20 12 070 07.0 08.0 01.60 14.30 06.70 999 1029.8  04.7 999.0 999.0 99.0
87 01 20 13 070 07.0 08.0 01.50 12.50 06.20 999 1029.3  04.7 999.0 999.0 99.0
87 01 20 14 999 99.0 99.0 01.30 14.30 05.50 999 1028.9 999.0 999.0 999.0 99.0
87 01 20 15 070 06.0 07.0 01.50 14.30 08.00 999 1028.6  04.4 999.0 999.0 99.0
87 01 20 16 070 06.0 07.0 01.20 14.30 07.70 999 1028.4  04.0 999.0 999.0 99.0
87 01 20 17 060 07.0 08.0 01.40 14.30 07.00 999 1028.5  04.2 999.0 999.0 99.0
87 01 20 18 070 06.0 08.0 01.30 14.30 06.80 999 1028.7  04.4 999.0 999.0 99.0
87 01 20 19 060 07.0 08.0 01.30 14.30 06.30 999 1028.5  05.1 999.0 999.0 99.0
87 01 20 21 050 03.0 04.0 01.30 14.30 08.70 999 1026.8  06.3 999.0 999.0 99.0
87 01 20 22 050 05.0 06.0 01.20 14.30 08.30 999 1025.9  07.1 999.0 999.0 99.0
87 01 20 23 030 04.0 05.0 01.20 14.30 08.50 999 1025.6  08.0 999.0 999.0 99.0
87 01 21 00 340 02.0 03.0 01.30 14.30 09.30 999 1025.3  06.6 999.0 999.0 99.0
87 01 21 01 350 04.0 05.0 01.50 14.30 10.40 999 1025.0  06.7 999.0 999.0 99.0
87 01 21 02 020 04.0 04.0 01.30 14.30 10.20 999 1024.7  06.7 999.0 999.0 99.0
87 01 21 03 050 04.0 05.0 01.50 14.30 10.80 999 1024.6  07.1 999.0 999.0 99.0
87 01 21 04 070 08.0 09.0 01.30 14.30 08.90 999 1023.8  07.5 999.0 999.0 99.0
87 01 21 05 070 09.0 10.0 01.10 14.30 04.90 999 1023.5  07.0 999.0 999.0 99.0
87 01 21 06 070 08.0 10.0 01.30 14.30 05.50 999 1023.3  06.8 999.0 999.0 99.0
87 01 21 07 070 09.0 11.0 01.20 12.50 04.30 999 1022.8  06.7 999.0 999.0 99.0
87 01 21 09 070 10.0 12.0 01.40 03.70 03.70 999 1022.0 999.0 999.0 999.0 99.0
87 01 21 10 080 09.0 10.0 99.00 99.00 99.00 999 1021.9  05.7 999.0 999.0 99.0
87 01 21 11 080 08.0 10.0 01.20 03.40 04.00 999 1022.0  05.8 999.0 999.0 99.0
87 01 21 12 080 08.0 09.0 01.20 03.60 04.00 999 1021.5  06.0 999.0 999.0 99.0
87 01 21 13 080 07.0 09.0 01.30 03.60 03.90 999 1021.8  05.8 999.0 999.0 99.0
87 01 21 14 070 07.0 09.0 01.30 03.60 04.00 999 1021.9  05.5 999.0 999.0 99.0
87 01 21 16 090 09.0 11.0 01.30 12.50 04.20 999 1021.3  05.2 999.0 999.0 99.0
87 01 21 17 080 08.0 10.0 01.10 12.50 04.10 999 1022.2  05.4 999.0 999.0 99.0
87 01 21 18 080 09.0 11.0 01.20 03.40 03.60 999 1022.5  05.8 999.0 999.0 99.0
87 01 21 19 080 08.0 09.0 99.00 99.00 99.00 999 1022.6  06.2 999.0 999.0 99.0
87 01 21 20 080 08.0 10.0 01.30 03.60 03.80 999 1022.0  06.9 999.0 999.0 99.0
87 01 21 21 080 08.0 10.0 01.30 03.40 03.90 999 1021.4  07.3 999.0 999.0 99.0
87 01 21 22 080 07.0 08.0 01.40 03.40 04.00 999 1021.4  07.5 999.0 999.0 99.0
87 01 21 23 110 03.0 99.0 99.00 99.00 99.00 999 9999.0  09.0 999.0 999.0 99.0
87 01 22 02 130 07.0 08.0 01.20 03.60 04.30 999 1020.9  09.8 999.0 999.0 99.0
87 01 22 03 120 06.0 07.0 01.50 03.60 04.60 999 1020.9  10.1 999.0 999.0 99.0
87 01 22 04 100 05.0 06.0 01.60 03.70 04.50 999 1020.6  09.2 999.0 999.0 99.0
87 01 22 05 090 05.0 06.0 99.00 99.00 99.00 999 1020.5 999.0 999.0 999.0 99.0
87 01 22 06 080 06.0 08.0 01.60 06.70 04.90 999 1020.4  07.0 999.0 999.0 99.0
87 01 22 07 080 06.0 08.0 01.70 06.70 05.20 999 1020.2  06.9 999.0 999.0 99.0
87 01 22 08 080 07.0 08.0 01.90 07.10 05.30 999 1020.1  07.1 999.0 999.0 99.0
87 01 22 09 080 07.0 09.0 01.80 07.70 05.20 999 1019.5  06.7 999.0 999.0 99.0
87 01 22 10 080 06.0 99.0 99.00 99.00 99.00 999 9999.0  06.5 999.0 999.0 99.0
87 01 22 11 100 05.0 07.0 02.10 08.30 05.80 999 1019.5  05.9 999.0 999.0 99.0
87 01 22 13 090 05.0 07.0 02.10 08.30 05.60 999 1018.4  06.3 999.0 999.0 99.0
87 01 22 14 090 07.0 08.0 01.90 09.10 05.30 999 1017.5  06.6 999.0 999.0 99.0
87 01 22 15 080 06.0 07.0 02.50 11.10 05.60 999 1017.1  06.1 999.0 999.0 99.0
87 01 22 16 080 07.0 09.0 02.30 08.30 05.40 999 1016.1  05.8 999.0 999.0 99.0
87 01 22 17 080 07.0 09.0 02.70 08.30 06.00 999 1016.0  05.9 999.0 999.0 99.0
87 01 22 18 080 08.0 10.0 02.70 11.10 06.10 999 1015.9  05.7 999.0 999.0 99.0
87 01 22 19 080 09.0 10.0 02.70 09.10 06.10 999 1015.5  05.6 999.0 999.0 99.0
87 01 22 20 080 08.0 10.0 02.50 11.10 05.90 999 1014.6  05.8 999.0 999.0 99.0
87 01 22 21 080 08.0 10.0 02.70 12.50 06.40 999 1013.7  06.2 999.0 999.0 99.0
87 01 22 22 080 07.0 09.0 02.40 09.10 06.10 999 1012.7  06.7 999.0 999.0 99.0
87 01 22 23 080 07.0 09.0 02.30 08.30 06.00 999 1012.3  07.0 999.0 999.0 99.0
87 01 23 00 160 07.0 08.0 02.30 09.10 05.90 999 1011.9  08.1 999.0 999.0 99.0
87 01 23 01 100 05.0 07.0 02.20 09.10 05.70 999 1011.3  07.8 999.0 999.0 99.0
87 01 23 02 090 05.0 07.0 02.40 10.00 06.00 999 1010.5  07.1 999.0 999.0 99.0
87 01 23 03 090 06.0 08.0 02.70 10.00 06.40 999 1009.7  06.9 999.0 999.0 99.0
87 01 23 04 080 06.0 07.0 02.50 11.10 06.10 999 1009.3  06.1 999.0 999.0 99.0
87 01 23 05 080 06.0 08.0 02.50 10.00 06.40 999 1008.6  05.8 999.0 999.0 99.0
87 01 23 06 080 07.0 10.0 99.00 99.00 99.00 999 1008.1  05.4 999.0 999.0 99.0
87 01 23 07 080 08.0 09.0 02.50 10.00 06.20 999 1007.7  05.4 999.0 999.0 99.0
87 01 23 09 090 09.0 11.0 02.70 10.00 05.90 999 1006.4  05.4 999.0 999.0 99.0
87 01 23 10 080 09.0 10.0 03.00 12.50 06.30 999 1006.0  05.5 999.0 999.0 99.0
87 01 23 11 080 07.0 09.0 02.90 10.00 06.20 999 1005.8  05.9 999.0 999.0 99.0
87 01 23 12 130 08.0 12.0 03.30 12.50 06.50 999 1005.4  06.6 999.0 999.0 99.0
87 01 23 13 220 09.0 11.0 03.50 12.50 06.10 999 1005.2  08.2 999.0 999.0 99.0
87 01 23 14 220 06.0 09.0 03.40 12.50 06.70 999 1005.5  08.6 999.0 999.0 99.0
87 01 23 15 190 05.0 06.0 03.10 12.50 06.70 999 1005.9  08.6 999.0 999.0 99.0
87 01 23 16 190 06.0 08.0 03.40 14.30 07.20 999 1006.2  08.7 999.0 999.0 99.0
87 01 23 17 180 06.0 07.0 03.40 12.50 07.60 999 1006.8  08.6 999.0 999.0 99.0
87 01 23 18 160 07.0 09.0 03.60 14.30 07.70 999 1007.3  08.4 999.0 999.0 99.0
87 01 23 19 160 09.0 11.0 03.60 12.50 07.20 999 1007.2  08.1 999.0 999.0 99.0
87 01 23 20 160 09.0 11.0 99.00 99.00 99.00 999 1006.9  08.2 999.0 999.0 99.0
87 01 23 21 160 09.0 11.0 03.10 12.50 06.30 999 1005.9  08.6 999.0 999.0 99.0
87 01 23 22 160 10.0 12.0 03.10 12.50 06.10 999 1004.9  08.8 999.0 999.0 99.0
87 01 23 23 170 11.0 14.0 03.40 12.50 06.20 999 1004.4  08.2 999.0 999.0 99.0
87 01 24 00 150 12.0 14.0 03.50 12.50 06.20 999 1004.2  08.1 999.0 999.0 99.0
87 01 24 02 140 11.0 14.0 03.80 12.50 06.40 999 1003.0  07.1 999.0 999.0 99.0
87 01 24 03 160 13.0 17.0 03.70 08.30 06.00 999 1002.0  07.8 999.0 999.0 99.0
87 01 24 04 160 14.0 17.0 03.90 09.10 06.20 999 1001.4  08.9 999.0 999.0 99.0
87 01 24 05 160 13.0 17.0 04.60 10.00 06.50 999 1001.1  09.0 999.0 999.0 99.0
87 01 24 06 150 12.0 15.0 04.40 11.10 06.80 999 1000.6  08.9 999.0 999.0 99.0
87 01 24 07 160 13.0 18.0 04.40 11.10 06.80 999 1000.5  08.7 999.0 999.0 99.0
87 01 24 08 170 11.0 14.0 05.10 11.10 07.30 999 1000.0  09.4 999.0 999.0 99.0
87 01 24 09 170 14.0 18.0 05.30 11.10 07.30 999 0999.5  10.1 999.0 999.0 99.0
87 01 24 10 180 12.0 15.0 05.60 10.00 07.60 999 0999.1  09.8 999.0 999.0 99.0
87 01 24 11 180 12.0 15.0 05.00 10.00 07.30 999 0999.6  10.0 999.0 999.0 99.0
87 01 24 12 200 10.0 99.0 99.00 99.00 99.00 999 0999.4  10.2 999.0 999.0 99.0
87 01 24 13 210 09.0 12.0 04.80 11.10 07.30 999 0999.6  10.2 999.0 999.0 99.0
87 01 24 14 210 08.0 99.0 04.30 11.10 07.10 999 1000.3  10.1 999.0 999.0 99.0
87 01 24 15 250 12.0 17.0 99.00 99.00 99.00 999 1001.0  08.9 999.0 999.0 99.0
87 01 24 17 220 08.0 10.0 03.90 10.00 06.80 999 1003.4  08.9 999.0 999.0 99.0
87 01 24 18 230 10.0 12.0 03.50 11.10 06.40 999 1005.1  09.5 999.0 999.0 99.0
87 01 24 19 230 09.0 12.0 03.80 09.10 06.40 999 1006.7  09.4 999.0 999.0 99.0
87 01 24 20 220 09.0 11.0 99.00 99.00 99.00 999 1007.6  09.7 999.0 999.0 99.0
87 01 24 21 230 09.0 12.0 04.30 10.00 06.80 999 1008.0  09.7 999.0 999.0 99.0
87 01 24 22 210 07.0 09.0 03.90 12.50 06.60 999 1008.9  08.9 999.0 999.0 99.0
87 01 24 23 210 10.0 15.0 04.10 10.00 06.80 999 1009.2  09.8 999.0 999.0 99.0
87 01 25 00 220 09.0 11.0 03.80 09.10 06.30 999 1010.1  08.6 999.0 999.0 99.0
87 01 25 01 220 09.0 12.0 04.00 20.00 06.90 999 1010.9  09.1 999.0 999.0 99.0
87 01 25 02 220 09.0 12.0 99.00 99.00 99.00 999 1011.8  09.3 999.0 999.0 99.0
87 01 25 03 230 08.0 10.0 04.10 20.00 07.10 999 1012.7  09.4 999.0 999.0 99.0
87 01 25 04 220 07.0 09.0 03.40 11.10 06.40 999 1014.0  09.4 999.0 999.0 99.0
87 01 25 05 210 06.0 08.0 99.00 99.00 99.00 999 1014.6  09.4 999.0 999.0 99.0
87 01 25 06 210 05.0 07.0 05.10 20.00 09.40 999 1015.3  09.3 999.0 999.0 99.0
87 01 25 07 180 02.0 03.0 04.90 20.00 08.90 999 1014.8  09.3 999.0 999.0 99.0
87 01 25 08 140 02.0 04.0 05.70 20.00 10.30 999 1015.1  08.9 999.0 999.0 99.0
87 01 25 09 090 04.0 07.0 05.30 16.70 09.70 999 1014.8  08.6 999.0 999.0 99.0
87 01 25 10 080 06.0 09.0 04.80 16.70 09.20 999 1014.5  07.0 999.0 999.0 99.0
87 01 25 11 090 05.0 08.0 05.20 16.70 09.80 999 1013.9  07.4 999.0 999.0 99.0
87 01 25 12 100 06.0 09.0 05.50 16.70 10.60 999 1012.1  07.4 999.0 999.0 99.0
87 01 25 13 060 03.0 06.0 05.00 16.70 09.70 999 1011.4  07.3 999.0 999.0 99.0
87 01 25 14 060 05.0 07.0 04.30 16.70 09.30 999 1011.2  07.1 999.0 999.0 99.0
87 01 25 15 100 02.0 06.0 05.00 14.30 09.80 999 1012.6  07.4 999.0 999.0 99.0
87 01 25 16 090 04.0 06.0 03.90 14.30 08.20 999 1013.0  07.1 999.0 999.0 99.0
87 01 25 17 150 05.0 07.0 03.80 16.70 08.00 999 1014.3  07.3 999.0 999.0 99.0
87 01 25 20 200 08.0 10.0 04.90 16.70 08.60 999 1017.3  09.7 999.0 999.0 99.0
87 01 25 21 250 08.0 10.0 03.90 16.70 07.40 999 1018.6  09.7 999.0 999.0 99.0
87 01 25 22 240 05.0 08.0 05.00 16.70 09.30 999 1019.4  09.7 999.0 999.0 99.0
87 01 25 23 260 04.0 07.0 03.90 16.70 07.80 999 1020.6  09.7 999.0 999.0 99.0
87 01 26 00 270 04.0 06.0 04.60 16.70 08.40 999 1021.1  09.4 999.0 999.0 99.0
87 01 26 01 240 02.0 04.0 04.80 16.70 09.50 999 1021.0  09.4 999.0 999.0 99.0
87 01 26 02 000 00.0 02.0 04.80 16.70 09.40 999 1021.5  09.3 999.0 999.0 99.0
87 01 26 03 000 00.0 02.0 05.00 16.70 10.40 999 1021.7  09.3 999.0 999.0 99.0
87 01 26 04 090 01.0 03.0 04.60 16.70 09.50 999 1021.3  09.0 999.0 999.0 99.0
87 01 26 05 100 02.0 04.0 99.00 99.00 99.00 999 1021.7  08.6 999.0 999.0 99.0
87 01 26 06 090 03.0 06.0 04.10 14.30 08.70 999 1021.8  07.8 999.0 999.0 99.0
87 01 26 08 080 03.0 99.0 03.90 14.30 08.50 999 1021.3  07.1 999.0 999.0 99.0
87 01 26 09 070 05.0 07.0 03.70 12.50 08.50 999 1020.7  07.0 999.0 999.0 99.0
87 01 26 10 070 06.0 08.0 03.50 14.30 08.40 999 1020.5  07.3 999.0 999.0 99.0
87 01 26 11 080 08.0 11.0 03.50 14.30 08.90 999 1019.5  07.3 999.0 999.0 99.0
87 01 26 13 070 06.0 09.0 03.20 14.30 08.60 999 1018.4  07.0 999.0 999.0 99.0
87 01 26 14 070 10.0 13.0 03.10 14.30 08.50 999 1016.7 999.0 999.0 999.0 99.0
87 01 26 15 070 11.0 13.0 02.80 11.10 07.00 999 1015.4  06.3 999.0 999.0 99.0
87 01 26 16 080 12.0 99.0 02.80 14.30 06.60 999 1014.3  06.2 999.0 999.0 99.0
87 01 26 17 170 09.0 12.0 03.00 14.30 07.70 999 1013.1  08.9 999.0 999.0 99.0
87 01 26 18 180 12.0 15.0 02.90 14.30 06.10 999 1012.6 999.0 999.0 999.0 99.0
87 01 26 19 170 14.0 16.0 02.90 05.90 05.40 999 1012.1  10.6 999.0 999.0 99.0
87 01 26 20 180 13.0 17.0 03.30 07.10 05.60 999 1012.3  10.9 999.0 999.0 99.0
87 01 26 21 180 10.0 12.0 03.40 07.70 06.10 999 1012.9  10.4 999.0 999.0 99.0
87 01 26 23 210 11.0 14.0 03.40 08.30 05.80 999 1014.7  10.5 999.0 999.0 99.0
87 01 27 00 200 10.0 13.0 03.60 09.10 06.20 999 1015.6  10.5 999.0 999.0 99.0
87 01 27 01 190 09.0 12.0 03.20 09.10 06.00 999 1016.2  10.5 999.0 999.0 99.0
87 01 27 02 190 08.0 11.0 03.10 09.10 06.10 999 1016.7  10.5 999.0 999.0 99.0
87 01 27 03 190 09.0 12.0 99.00 99.00 99.00 999 1017.0  10.4 999.0 999.0 99.0
87 01 27 05 180 05.0 06.0 03.10 09.10 06.40 999 1017.4  10.1 999.0 999.0 99.0
87 01 27 06 170 04.0 05.0 02.60 09.10 08.60 999 1017.1  10.1 999.0 999.0 99.0
87 01 27 08 140 04.0 05.0 02.60 09.10 06.60 999 1015.8  10.1 999.0 999.0 99.0
87 01 27 09 080 03.0 99.0 99.00 99.00 99.00 999 1014.8  08.2 999.0 999.0 99.0
87 01 27 10 080 05.0 07.0 02.40 09.10 06.90 999 1013.6  08.1 999.0 999.0 99.0
87 01 27 11 070 07.0 08.0 02.30 09.10 07.00 999 1012.5  08.1 999.0 999.0 99.0
87 01 27 12 070 09.0 11.0 02.00 09.10 09.80 999 1010.6  08.5 999.0 999.0 99.0
87 01 27 13 070 07.0 09.0 02.20 08.30 07.00 999 1008.6  08.1 999.0 999.0 99.0
87 01 27 14 080 08.0 09.0 02.00 09.10 06.50 999 1007.1  08.2 999.0 999.0 99.0
87 01 27 15 080 08.0 10.0 02.10 09.10 06.80 999 1005.6  08.5 999.0 999.0 99.0
87 01 27 16 090 07.0 08.0 02.00 09.10 06.50 999 1004.4  08.6 999.0 999.0 99.0
87 01 27 17 140 06.0 07.0 02.10 09.10 06.30 999 1003.6  10.2 999.0 999.0 99.0
87 01 27 18 170 10.0 12.0 02.40 09.10 05.90 999 1001.4  11.7 999.0 999.0 99.0
87 01 27 19 090 04.0 06.0 99.00 99.00 99.00 999 1000.7  08.9 999.0 999.0 99.0
87 01 27 20 160 09.0 11.0 99.00 99.00 99.00 999 0999.0  10.5 999.0 999.0 99.0
87 01 27 21 160 11.0 15.0 02.60 09.10 05.50 999 0997.4  10.1 999.0 999.0 99.0
87 01 27 22 170 14.0 17.0 03.40 09.10 05.80 999 0995.9  10.5 999.0 999.0 99.0
87 01 27 23 180 13.0 17.0 03.70 08.30 05.90 999 0996.0  09.7 999.0 999.0 99.0
87 01 28 00 170 14.0 18.0 04.00 09.10 06.20 999 0996.6  10.1 999.0 999.0 99.0
87 01 28 01 170 14.0 99.0 99.00 99.00 99.00 999 9999.0  09.8 999.0 999.0 99.0
87 01 28 02 190 15.0 20.0 04.90 10.00 07.00 999 0996.4  10.3 999.0 999.0 99.0
87 01 28 03 190 15.0 20.0 05.30 11.10 07.30 999 0996.7  10.2 999.0 999.0 99.0
87 01 28 05 190 14.0 19.0 05.60 11.10 07.60 999 0997.3  09.6 999.0 999.0 99.0
87 01 28 06 220 14.0 19.0 06.10 12.50 08.00 999 0998.1  07.8 999.0 999.0 99.0
87 01 28 07 190 16.0 99.0 99.00 99.00 99.00 999 0996.9  09.8 999.0 999.0 99.0
87 01 28 08 190 14.0 18.0 07.50 14.30 09.10 999 0997.4  09.8 999.0 999.0 99.0
87 01 28 09 190 15.0 99.0 99.00 99.00 99.00 999 0997.5  09.7 999.0 999.0 99.0
87 01 28 10 200 15.0 20.0 07.20 14.30 08.70 999 0997.6  09.7 999.0 999.0 99.0
87 01 28 11 210 11.0 14.0 07.40 14.30 09.20 999 0998.8  09.3 999.0 999.0 99.0
87 01 28 12 210 10.0 13.0 06.90 14.30 08.90 999 0999.8  09.4 999.0 999.0 99.0
87 01 28 13 220 11.0 14.0 06.50 14.30 08.30 999 1000.3  09.7 999.0 999.0 99.0
87 01 28 14 220 11.0 14.0 06.50 14.30 08.90 999 1001.2  09.7 999.0 999.0 99.0
87 01 28 15 210 10.0 13.0 05.80 14.30 08.20 999 1001.8  09.0 999.0 999.0 99.0
87 01 28 16 210 10.0 12.0 05.20 12.50 07.80 999 1002.8  09.3 999.0 999.0 99.0
87 01 28 17 220 09.0 13.0 05.40 14.30 08.40 999 1004.1  09.7 999.0 999.0 99.0
87 01 28 19 210 11.0 14.0 04.80 12.50 07.60 999 1006.2  09.8 999.0 999.0 99.0
87 01 28 20 210 11.0 14.0 05.30 11.10 07.90 999 1006.9  09.7 999.0 999.0 99.0
87 01 28 21 210 10.0 15.0 04.80 12.50 07.30 999 1007.8  07.6 999.0 999.0 99.0
87 01 28 23 220 13.0 18.0 99.00 99.00 99.00 999 1008.9  08.6 999.0 999.0 99.0
87 01 29 00 200 09.0 11.0 04.50 12.50 07.30 999 1009.8  09.3 999.0 999.0 99.0
87 01 29 01 210 10.0 13.0 04.40 11.10 06.90 999 1010.6  09.7 999.0 999.0 99.0
87 01 29 02 200 08.0 10.0 04.30 11.10 06.80 999 1010.9  09.7 999.0 999.0 99.0
87 01 29 03 200 09.0 10.0 03.70 11.10 06.60 999 1011.1  09.4 999.0 999.0 99.0
87 01 29 04 190 10.0 12.0 04.00 11.10 06.70 999 1011.4  09.8 999.0 999.0 99.0
87 01 29 05 200 10.0 14.0 03.90 10.00 06.50 999 1011.7  09.9 999.0 999.0 99.0
87 01 29 06 180 09.0 11.0 03.80 11.10 06.50 999 1011.9  09.8 999.0 999.0 99.0
87 01 29 07 180 10.0 12.0 03.90 11.10 06.50 999 1012.0  10.0 999.0 999.0 99.0
87 01 29 08 170 10.0 14.0 03.80 11.10 06.80 999 1011.5  09.7 999.0 999.0 99.0
87 01 29 09 170 12.0 15.0 04.00 12.50 06.60 999 1011.5  09.5 999.0 999.0 99.0
87 01 29 10 170 11.0 14.0 04.30 11.10 06.80 999 1011.5  09.4 999.0 999.0 99.0
87 01 29 11 170 11.0 14.0 04.20 11.10 06.50 999 1011.3  09.4 999.0 999.0 99.0
87 01 29 12 160 11.0 13.0 04.20 11.10 06.90 999 1011.1  09.3 999.0 999.0 99.0
87 01 29 13 160 12.0 15.0 03.70 11.10 06.40 999 1010.4  09.7 999.0 999.0 99.0
87 01 29 14 160 12.0 16.0 03.90 11.10 06.30 999 1009.8  09.4 999.0 999.0 99.0
87 01 29 15 160 12.0 13.0 03.80 11.10 06.30 999 1009.5 999.0 999.0 999.0 99.0
87 01 29 16 150 12.0 16.0 04.20 11.10 06.50 999 1009.0  09.7 999.0 999.0 99.0
87 01 29 17 150 10.0 13.0 03.80 12.50 06.30 999 1009.0  10.1 999.0 999.0 99.0
87 01 29 18 150 11.0 14.0 03.80 11.10 06.60 999 1008.9  10.4 999.0 999.0 99.0
87 01 29 19 140 10.0 13.0 04.00 11.10 06.70 999 1008.3 999.0 999.0 999.0 99.0
87 01 29 21 110 06.0 08.0 03.40 10.00 06.40 999 1006.3  10.2 999.0 999.0 99.0
87 01 29 22 090 08.0 10.0 03.80 11.10 06.90 999 1004.9  10.1 999.0 999.0 99.0
87 01 29 23 090 07.0 09.0 03.50 10.00 07.10 999 1004.3  10.5 999.0 999.0 99.0
87 01 30 00 100 06.0 08.0 03.50 11.10 07.30 999 1003.8  10.5 999.0 999.0 99.0
87 01 30 01 110 06.0 09.0 03.10 11.10 06.80 999 1003.3  10.5 999.0 999.0 99.0
87 01 30 02 100 07.0 09.0 03.50 11.10 07.40 999 1002.6  10.9 999.0 999.0 99.0
87 01 30 03 110 09.0 11.0 99.00 99.00 99.00 999 1001.8  11.0 999.0 999.0 99.0
87 01 30 04 010 16.0 10.0 03.60 11.10 07.00 999 1002.3 999.0 999.0 999.0 99.0
87 01 30 05 190 11.0 13.0 04.40 11.10 07.10 999 1002.5  10.1 999.0 999.0 99.0
87 01 30 06 180 19.0 99.0 99.00 99.00 99.00 999 9999.0  09.8 999.0 999.0 99.0
87 01 30 07 180 15.0 18.0 05.30 11.10 07.30 999 1003.6  09.4 999.0 999.0 99.0
87 01 30 08 250 10.0 12.0 05.30 11.10 07.50 999 1004.8  07.8 999.0 999.0 99.0
87 01 30 09 220 04.0 06.0 05.20 11.10 07.80 999 1006.4  07.4 999.0 999.0 99.0
87 01 30 10 180 05.0 07.0 04.90 11.10 07.50 999 1007.7  07.4 999.0 999.0 99.0
87 01 30 11 190 07.0 12.0 04.80 12.50 08.10 999 1008.9  07.8 999.0 999.0 99.0
87 01 30 12 270 06.0 08.0 04.40 11.10 07.30 999 1009.8  08.9 999.0 999.0 99.0
87 01 30 13 260 05.0 07.0 04.50 11.10 07.70 999 1010.6  08.9 999.0 999.0 99.0
87 01 30 14 250 05.0 07.0 04.40 11.10 07.80 999 1011.6  08.9 999.0 999.0 99.0
87 01 30 15 250 05.0 08.0 05.20 11.10 08.50 999 1012.5  08.9 999.0 999.0 99.0
87 01 30 16 230 05.0 07.0 04.50 11.10 08.10 999 1013.1  08.6 999.0 999.0 99.0
87 01 30 17 220 04.0 06.0 04.60 11.10 08.10 999 1013.7  08.9 999.0 999.0 99.0
87 01 30 18 200 05.0 06.0 04.30 11.10 08.20 999 1014.1  09.1 999.0 999.0 99.0
87 01 30 19 210 05.0 07.0 04.10 11.10 08.10 999 1014.8  09.3 999.0 999.0 99.0
87 01 30 20 210 09.0 10.0 04.40 11.10 08.50 999 1014.8  09.1 999.0 999.0 99.0
87 01 30 21 190 07.0 09.0 04.30 11.10 08.20 999 1014.6  09.0 999.0 999.0 99.0
87 01 30 22 180 07.0 09.0 03.90 16.70 07.50 999 1014.4  09.2 999.0 999.0 99.0
87 01 30 23 200 08.0 10.0 04.10 10.00 07.70 999 1014.3  09.4 999.0 999.0 99.0
87 01 31 00 190 09.0 11.0 04.50 16.70 07.80 999 1013.8  09.3 999.0 999.0 99.0
87 01 31 01 180 10.0 12.0 04.30 10.00 07.60 999 1013.4  09.2 999.0 999.0 99.0
87 01 31 02 180 11.0 14.0 04.50 10.00 07.40 999 1013.1  09.4 999.0 999.0 99.0
87 01 31 03 180 12.0 15.0 04.10 11.10 06.50 999 1012.9  09.7 999.0 999.0 99.0
87 01 31 04 180 13.0 99.0 04.30 16.70 06.90 999 1012.1  09.8 999.0 999.0 99.0
87 01 31 05 160 12.0 15.0 04.10 10.00 06.50 999 1011.5  09.4 999.0 999.0 99.0
87 01 31 06 170 14.0 18.0 04.50 16.70 07.00 999 1010.7  08.6 999.0 999.0 99.0
87 01 31 07 160 15.0 20.0 04.30 09.10 06.40 999 1009.6  08.0 999.0 999.0 99.0
87 01 31 08 160 16.0 20.0 04.70 07.70 06.70 999 1008.8  07.3 999.0 999.0 99.0
87 01 31 09 150 16.0 21.0 04.90 08.30 06.80 999 1006.9  06.6 999.0 999.0 99.0
87 01 31 11 180 16.0 20.0 04.90 09.10 06.80 999 1005.0  07.9 999.0 999.0 99.0
87 01 31 12 200 15.0 23.0 05.70 09.10 07.50 999 1005.5  08.9 999.0 999.0 99.0
87 01 31 13 280 06.0 08.0 99.00 99.00 99.00 999 1007.1  07.6 999.0 999.0 99.0
87 01 31 14 300 02.0 05.0 05.50 11.10 08.00 999 1007.6  07.8 999.0 999.0 99.0
87 01 31 15 000 00.0 02.0 06.40 11.10 08.60 999 1008.8  08.1 999.0 999.0 99.0
87 01 31 16 000 00.0 02.0 05.40 12.50 08.40 999 1008.4  08.2 999.0 999.0 99.0
87 01 31 17 110 03.0 06.0 05.50 11.10 08.50 999 1008.1  07.3 999.0 999.0 99.0
87 01 31 18 100 03.0 06.0 05.80 11.10 08.80 999 1008.2  07.1 999.0 999.0 99.0
87 01 31 19 100 01.0 04.0 05.30 12.50 08.90 999 1009.6  07.1 999.0 999.0 99.0
87 01 31 20 100 05.0 07.0 04.70 14.30 08.80 999 1007.9  07.0 999.0 999.0 99.0
87 01 31 21 080 04.0 06.0 05.00 14.30 09.40 999 1007.1  06.7 999.0 999.0 99.0
87 01 31 22 070 05.0 08.0 04.40 14.30 09.20 999 1006.0  06.6 999.0 999.0 99.0
87 01 31 23 070 06.0 11.0 04.10 12.50 09.30 999 1004.3  06.8 999.0 999.0 99.0
